2
70
0 "Tóquio" "0"
1 "Osaka" "0"
2 "Sendai" "0"
3 "Sapporo" "0"
4 "Fukuoka" "0"
5 "Pequim" "0"
6 "Xangai" "0"
7 "Chengdu" "0"
8 "Kunming" "0"
9 "Urumqi" "0"
10 "Seul" "0"
11 "Busan" "0"
12 "Taipei" "0"
13 "Hong Kong" "0"
14 "Ulaanbaatar" "0"
15 "Jacarta" "0"
16 "Surabaya" "0"
17 "Medan" "0"
18 "Banda Aceh" "0"
19 "Manila" "0"
20 "Cebu" "0"
21 "Davao" "0"
22 "Bangkok" "0"
23 "Chiang Mai" "0"
24 "Kuala Lumpur" "0"
25 "Singapura" "0"
26 "Ho Chi Minh" "0"
27 "Hanói" "0"
28 "Rangum" "0"
29 "Dili" "0"
30 "Almaty" "0"
31 "Bishkek" "0"
32 "Dushanbe" "0"
33 "Tashkent" "0"
34 "Ashgabat" "0"
35 "Kabul" "0"
36 "Islamabad" "0"
37 "Peshawar" "0"
38 "Katmandu" "0"
39 "Thimphu" "0"
40 "Sumatra 2004" "9.1"
41 "Tohoku 2011" "9.0"
42 "Sumatra 2005" "8.6"
43 "Sumatra 2012A" "8.6"
44 "Nias 2005" "8.6"
45 "Sumatra 2012B" "8.2"
46 "Kamchatka 2006" "8.3"
47 "Ilhas Kuril 2006" "8.3"
48 "Java 2006" "7.7"
49 "Sichuan 2008" "7.9"
50 "Sumatra 2009" "7.6"
51 "Mentawai 2010" "7.8"
52 "Nepal 2015A" "7.8"
53 "Nepal 2015B" "7.3"
54 "Sulawesi 2018" "7.5"
55 "Lombok 2018" "7.0"
56 "Paquistao 2005" "7.6"
57 "Filipinas 2012" "7.6"
58 "Filipinas 2019" "7.0"
59 "Tajiquistao 2015" "7.2"
60 "Afeganistao 2002" "6.1"
61 "Xinjiang 2008" "7.3"
62 "Qinghai 2010" "6.9"
63 "Yunnan 2014" "6.5"
64 "Kumamoto 2016" "7.0"
65 "Hokkaido 2018" "6.7"
66 "Flores 1992" "7.8"
67 "Kyrgyzstan 2008" "6.6"
68 "Birmania 2011" "6.9"
69 "Paquistao 2013" "7.7"
279
15 40 12
17 40 12
18 40 12
22 40 12
23 40 12
24 40 12
25 40 12
26 40 12
28 40 12
17 18 12.0
17 24 12.0
23 28 12.0
24 25 12.0
0 41 12
1 41 12
2 41 12
3 41 12
4 41 12
10 41 12
11 41 12
0 1 12.0
0 2 12.0
1 4 12.0
4 11 12.0
10 11 12.0
15 42 12
17 42 12
18 42 12
22 42 12
23 42 12
24 42 12
25 42 12
26 42 12
28 42 12
15 43 12
17 43 12
18 43 12
22 43 12
23 43 12
24 43 12
25 43 12
26 43 12
28 43 12
15 44 12
17 44 12
18 44 12
22 44 12
23 44 12
24 44 12
25 44 12
26 44 12
28 44 12
15 45 11.2
17 45 11.8
18 45 12.0
22 45 11.3
24 45 11.6
25 45 11.5
26 45 11.2
28 45 11.2
0 46 11.5
1 46 11.4
2 46 11.6
3 46 11.8
0 47 11.5
1 47 11.4
2 47 11.6
3 47 11.8
15 48 11.4
16 48 10.9
17 48 10.2
24 48 10.3
25 48 10.4
5 49 10.7
6 49 10.6
7 49 12
8 49 11.3
9 49 10.5
12 49 10.6
13 49 10.8
14 49 10.6
22 49 10.5
23 49 10.8
27 49 10.9
28 49 10.6
38 49 10.6
39 49 10.8
38 39 10.7
15 50 10.4
16 50 10.1
17 50 10.9
18 50 10.5
22 50 10.1
24 50 10.9
25 50 10.9
26 50 10.1
28 50 9.9
15 51 11.0
16 51 10.5
17 51 11.0
18 51 10.7
22 51 10.3
24 51 11.0
25 51 11.1
26 51 10.4
7 52 10.4
8 52 10.4
9 52 10.4
23 52 10.4
28 52 10.4
30 52 10.4
31 52 10.4
32 52 10.4
35 52 10.5
36 52 10.6
37 52 10.6
38 52 12
39 52 11.3
30 31 10.4
32 35 10.4
35 36 10.6
35 37 10.6
36 37 10.6
7 53 9.4
8 53 9.4
9 53 9.4
23 53 9.4
28 53 9.4
30 53 9.3
31 53 9.3
32 53 9.3
35 53 9.4
36 53 9.5
37 53 9.5
38 53 11.6
39 53 10.5
15 54 9.9
16 54 10.1
19 54 9.8
20 54 10.0
21 54 10.2
25 54 9.8
26 54 9.7
29 54 10.1
20 21 10.1
15 55 9.1
16 55 9.7
21 55 8.6
25 55 8.7
29 55 9.1
9 56 10.1
30 56 10.4
31 56 10.4
32 56 10.7
33 56 10.5
34 56 10.1
35 56 11.0
36 56 12.0
37 56 11.6
38 56 10.2
39 56 10.0
31 33 10.4
32 33 10.6
12 57 10.0
13 57 10.0
19 57 10.8
20 57 12
21 57 11.0
26 57 10.0
16 58 8.7
19 58 8.8
20 58 9.1
21 58 9.5
29 58 9.1
9 59 9.3
30 59 9.9
31 59 10.0
32 59 10.3
33 59 10.1
34 59 9.4
35 59 10.0
36 59 10.0
37 59 10.1
38 59 9.2
39 59 9.1
9 60 6.9
30 60 7.3
31 60 7.4
32 60 8.1
33 60 7.6
34 60 7.2
35 60 8.4
36 60 8.0
37 60 8.3
38 60 6.9
9 61 9.6
30 61 10.3
31 61 10.5
32 61 10.3
33 61 10.4
34 61 9.5
35 61 10.0
36 61 10.1
37 61 10.1
38 61 9.4
39 61 9.3
5 62 8.5
7 62 9.1
8 62 8.9
9 62 8.7
14 62 8.5
23 62 8.6
27 62 8.6
28 62 8.5
38 62 8.8
39 62 9.0
5 63 7.7
6 63 7.7
7 63 8.8
8 63 9.1
12 63 7.7
13 63 8.0
22 63 7.8
23 63 8.1
26 63 7.7
27 63 8.3
28 63 7.9
38 63 7.7
39 63 7.9
0 64 9.2
1 64 9.7
2 64 9.1
3 64 8.9
4 64 10.8
5 64 8.8
6 64 9.2
10 64 9.5
11 64 10.0
12 64 9.0
0 65 8.7
1 65 8.5
2 65 9.0
3 65 10.5
4 65 8.3
10 65 8.3
11 65 8.3
15 66 10.4
16 66 10.8
21 66 10.4
29 66 11.5
9 67 8.5
30 67 9.2
31 67 8.9
32 67 8.3
33 67 8.4
34 67 7.9
35 67 8.2
36 67 8.3
37 67 8.3
38 67 8.0
39 67 7.9
7 68 9.2
8 68 9.3
9 68 8.5
13 68 8.5
22 68 8.6
23 68 8.9
27 68 8.8
28 68 8.7
38 68 8.8
39 68 9.1
31 69 10.1
32 69 10.4
33 69 10.3
34 69 10.4
35 69 10.7
36 69 10.6
37 69 10.6
38 69 10.1
