2
70
0 "Tóquio" "0.0"
1 "Osaka" "0.0"
2 "Sendai" "0.0"
3 "Sapporo" "0.0"
4 "Fukuoka" "0.0"
5 "Pequim" "0.0"
6 "Xangai" "0.0"
7 "Chengdu" "0.0"
8 "Kunming" "0.0"
9 "Urumqi" "0.0"
10 "Seul" "0.0"
11 "Busan" "0.0"
12 "Taipei" "0.0"
13 "Hong Kong" "0.0"
14 "Ulaanbaatar" "0.0"
15 "Jacarta" "0.0"
16 "Surabaya" "0.0"
17 "Medan" "0.0"
18 "Banda Aceh" "0.0"
19 "Manila" "0.0"
20 "Cebu" "0.0"
21 "Davao" "0.0"
22 "Bangkok" "0.0"
23 "Chiang Mai" "0.0"
24 "Kuala Lumpur" "0.0"
25 "Singapura" "0.0"
26 "Ho Chi Minh" "0.0"
27 "Hanói" "0.0"
28 "Rangum" "0.0"
29 "Dili" "0.0"
30 "Almaty" "0.0"
31 "Bishkek" "0.0"
32 "Dushanbe" "0.0"
33 "Tashkent" "0.0"
34 "Ashgabat" "0.0"
35 "Kabul" "0.0"
36 "Islamabad" "0.0"
37 "Peshawar" "0.0"
38 "Katmandu" "0.0"
39 "Thimphu" "0.0"
40 "Sumatra 2004" "9.1"
41 "Tōhoku Japão 2011" "9.0"
42 "Sumatra 2005" "8.6"
43 "Sumatra 2012A" "8.6"
44 "Nias 2005" "8.6"
45 "Sumatra 2012B" "8.2"
46 "Kamchatka 2006" "8.3"
47 "Ilhas Kuril 2006" "8.3"
48 "Java 2006" "7.7"
49 "Sichuan China 2008" "7.9"
50 "Sumatra 2009" "7.6"
51 "Haiti vizinho 2010" "7.0"
52 "Mentawai 2010" "7.8"
53 "Nepal 2015A" "7.8"
54 "Nepal 2015B" "7.3"
55 "Sulawesi 2018" "7.5"
56 "Lombok 2018" "7.0"
57 "Paquistão 2005" "7.6"
58 "Filipinas 2012" "7.6"
59 "Filipinas 2019" "7.0"
60 "Tadjiquistão 2015" "7.2"
61 "Afeganistão 2002" "6.1"
62 "Xinjiang China 2008" "7.3"
63 "Qinghai China 2010" "6.9"
64 "Yunnan China 2014" "6.5"
65 "Japão Kumamoto 2016" "7.0"
66 "Japão Hokkaido 2018" "6.7"
67 "Indonésia Flores 1992" "7.8"
68 "Kyrgyzstan 2008" "6.6"
69 "Birmânia 2011" "6.9"
271
0 41 12.0
0 1 12.0
0 2 12.0
0 46 11.5
0 47 11.5
0 65 9.2
0 66 8.7
1 41 12.0
1 4 12.0
1 46 11.4
1 47 11.4
1 65 9.7
1 66 8.5
2 41 12.0
2 46 11.6
2 47 11.6
2 65 9.1
2 66 9.0
3 41 12.0
3 46 11.8
3 47 11.8
3 65 8.9
3 66 10.5
4 41 12.0
4 11 12.0
4 65 10.8
4 66 8.3
5 49 10.7
5 63 8.5
5 64 7.7
5 65 8.8
6 49 10.6
6 64 7.7
6 65 9.2
7 49 12.0
7 53 10.4
7 54 9.4
7 63 9.1
7 64 8.8
7 69 9.2
8 49 11.3
8 53 10.4
8 54 9.4
8 63 8.9
8 64 9.1
8 69 9.3
9 49 10.5
9 53 10.4
9 54 9.4
9 57 10.1
9 60 9.3
9 61 6.9
9 62 9.6
9 63 8.7
9 68 8.5
9 69 8.5
10 41 12.0
10 11 12.0
10 65 9.5
10 66 8.3
11 41 12.0
11 65 10.0
11 66 8.3
12 49 10.6
12 58 10.0
12 64 7.7
12 65 9.0
13 49 10.8
13 58 10.0
13 64 8.0
13 69 8.5
14 49 10.6
14 63 8.5
15 40 12.0
15 42 12.0
15 43 12.0
15 44 12.0
15 45 11.2
15 48 11.4
15 50 10.4
15 52 11.0
15 55 9.9
15 56 9.1
15 67 10.4
16 48 10.9
16 50 10.1
16 52 10.5
16 55 10.1
16 56 9.7
16 59 8.7
16 67 10.8
17 40 12.0
17 18 12.0
17 24 12.0
17 42 12.0
17 43 12.0
17 44 12.0
17 45 11.8
17 48 10.2
17 50 10.9
17 52 11.0
18 40 12.0
18 42 12.0
18 43 12.0
18 44 12.0
18 45 12.0
18 50 10.5
18 52 10.7
19 55 9.8
19 58 10.8
19 59 8.8
20 55 10.0
20 21 10.1
20 58 12.0
20 59 9.1
21 55 10.2
21 56 8.6
21 58 11.0
21 59 9.5
21 67 10.4
22 40 12.0
22 42 12.0
22 43 12.0
22 44 12.0
22 45 11.3
22 49 10.5
22 50 10.1
22 52 10.3
22 64 7.8
22 69 8.6
23 40 12.0
23 28 12.0
23 42 12.0
23 43 12.0
23 44 12.0
23 49 10.8
23 53 10.4
23 54 9.4
23 63 8.6
23 64 8.1
23 69 8.9
24 40 12.0
24 25 12.0
24 42 12.0
24 43 12.0
24 44 12.0
24 45 11.6
24 48 10.3
24 50 10.9
24 52 11.0
25 40 12.0
25 42 12.0
25 43 12.0
25 44 12.0
25 45 11.5
25 48 10.4
25 50 10.9
25 52 11.1
25 55 9.8
25 56 8.7
26 40 12.0
26 42 12.0
26 43 12.0
26 44 12.0
26 45 11.2
26 50 10.1
26 52 10.4
26 55 9.7
26 58 10.0
26 64 7.7
27 49 10.9
27 63 8.6
27 64 8.3
27 69 8.8
28 40 12.0
28 42 12.0
28 43 12.0
28 44 12.0
28 45 11.2
28 49 10.6
28 50 9.9
28 53 10.4
28 54 9.4
28 63 8.5
28 64 7.9
28 69 8.7
29 55 10.1
29 56 9.1
29 59 9.1
29 67 11.5
30 53 10.4
30 31 10.4
30 54 9.3
30 57 10.4
30 60 9.9
30 61 7.3
30 62 10.3
30 68 9.2
31 53 10.4
31 54 9.3
31 57 10.4
31 33 10.4
31 60 10.0
31 61 7.4
31 62 10.5
31 68 8.9
32 53 10.4
32 35 10.4
32 54 9.3
32 57 10.7
32 33 10.6
32 60 10.3
32 61 8.1
32 62 10.3
32 68 8.3
33 57 10.5
33 60 10.1
33 61 7.6
33 62 10.4
33 68 8.4
34 57 10.1
34 60 9.4
34 61 7.2
34 62 9.5
34 68 7.9
35 53 10.5
35 36 10.6
35 37 10.6
35 54 9.4
35 57 11.0
35 60 10.0
35 61 8.4
35 62 10.0
35 68 8.2
36 53 10.6
36 37 10.6
36 54 9.5
36 57 12.0
36 60 10.0
36 61 8.0
36 62 10.1
36 68 8.3
37 53 10.6
37 54 9.5
37 57 11.6
37 60 10.1
37 61 8.3
37 62 10.1
37 68 8.3
38 49 10.6
38 39 10.7
38 53 12.0
38 54 11.6
38 57 10.2
38 60 9.2
38 61 6.9
38 62 9.4
38 63 8.8
38 64 7.7
38 68 8.0
38 69 8.8
39 49 10.8
39 53 11.3
39 54 10.5
39 57 10.0
39 60 9.1
39 62 9.3
39 63 9.0
39 64 7.9
39 68 7.9
39 69 9.1
